6.413459777832031e-05
0.00016641616821289062
3.2901763916015625e-05
0.00012969970703125
0.00012040138244628906
8.559226989746094e-05
9.34600830078125e-05
0.0002951622009277344
0.0002117156982421875
0.00026345252990722656
0.0002551078796386719
0.00027108192443847656
8.916854858398438e-05
0.0002224445343017578
0.0001614093780517578
0.00027179718017578125
0.0002727508544921875
0.000179290771484375
0.00035858154296875
0.0001773834228515625
0.00017452239990234375
0.00037217140197753906
0.00024962425231933594
0.0003829002380371094
0.00017595291137695312
0.0003325939178466797
0.00022268295288085938
0.00026345252990722656
0.0003719329833984375
0.00017595291137695312
0.00034499168395996094
0.00038313865661621094
0.00035190582275390625
0.0002071857452392578
0.00047135353088378906
0.00035858154296875
0.0003457069396972656
0.0003097057342529297
0.0004684925079345703
0.0004284381866455078
0.00040149688720703125
0.00028514862060546875
0.0003707408905029297
0.0004696846008300781
0.00026297569274902344
0.00048279762268066406
0.0002961158752441406
0.0003802776336669922
0.0004069805145263672
0.0003154277801513672
