4.124641418457031e-05
0.00011372566223144531
4.1961669921875e-05
3.4332275390625e-05
2.5987625122070312e-05
5.841255187988281e-05
0.00016188621520996094
0.0002040863037109375
4.6253204345703125e-05
6.866455078125e-05
6.0558319091796875e-05
0.0002524852752685547
4.4345855712890625e-05
4.458427429199219e-05
0.00023031234741210938
0.0001633167266845703
0.00015234947204589844
0.0002727508544921875
0.00016546249389648438
0.0001304149627685547
0.000255584716796875
0.000293731689453125
0.00022912025451660156
0.0002200603485107422
0.00026679039001464844
0.00021147727966308594
0.00012946128845214844
0.00013184547424316406
9.942054748535156e-05
0.00017642974853515625
9.72747802734375e-05
0.00014209747314453125
0.0002834796905517578
0.0001437664031982422
0.00015401840209960938
0.00025177001953125
0.0002586841583251953
0.0001308917999267578
0.0003159046173095703
0.00029015541076660156
0.0002720355987548828
0.00031375885009765625
0.0003750324249267578
0.00018644332885742188
0.00025010108947753906
0.00023818016052246094
0.0002968311309814453
0.00017142295837402344
0.0003292560577392578
0.00017309188842773438
